num_prompts=15,num_examples=56
max_accuracy=64.29,median_accuracy=50.0,mean_accuracy=45.48,min_accuracy=8.93,std_accuracy=16.0,avg_ensemble_accuracy=46.43,vote_ensemble_accuracy=53.57
acc:	51.78571428571429 8.928571428571429 39.285714285714285 44.642857142857146 55.35714285714286 50.0 35.714285714285715 64.28571428571429 58.92857142857143 48.214285714285715 8.928571428571429 53.57142857142857 53.57142857142857 58.92857142857143 50.0
ent:	0.5990232499688182 0.37443523127970507 0.8185565374913796 0.6685115601309853 0.7278099445284532 0.5576813433137523 0.8671098581117525 0.726548030490107 0.6959073447539141 0.760404189754552 0.11336763693890427 0.7264567205730031 0.7860338742475418 0.7740743612277571 0.5995489695593527
==================
eid=0,gold=1,median=1,max=1,avg_esemb=1,vote_esemb=1,1 2 0 1 1 1 0 1 1 1 2 1 1 1 1
0.226 0.7725 0.0015
0.078 0.0115 0.9105
0.7525 0.1583 0.0893
0.1999 0.7894 0.0107
0.0798 0.9019 0.0184
0.0794 0.9197 0.0008
0.6188 0.0923 0.2889
0.063 0.9278 0.0092
0.1096 0.8848 0.0056
0.1004 0.8816 0.0181
0.0002 0.0167 0.9831
0.0627 0.9316 0.0057
0.1399 0.8329 0.0272
0.0826 0.8993 0.0182
0.0211 0.9784 0.0005
========================
eid=1,gold=2,median=0,max=0,avg_esemb=0,vote_esemb=0,0 2 0 0 0 0 0 0 0 0 2 0 0 0 0
0.7456 0.2497 0.0047
0.0479 0.0083 0.9438
0.6878 0.1001 0.2121
0.7443 0.1925 0.0631
0.5668 0.3077 0.1255
0.5866 0.4063 0.0072
0.5158 0.0688 0.4154
0.6467 0.2364 0.117
0.5151 0.4146 0.0703
0.6841 0.2011 0.1148
0.0008 0.0083 0.9908
0.6508 0.2626 0.0866
0.6872 0.1769 0.1358
0.7244 0.1776 0.098
0.6744 0.3216 0.004
========================
eid=2,gold=0,median=0,max=0,avg_esemb=0,vote_esemb=0,0 2 0 0 0 0 0 0 0 0 2 0 0 0 0
0.8689 0.1289 0.0022
0.1375 0.0058 0.8566
0.7707 0.0945 0.1348
0.8883 0.0978 0.0139
0.603 0.3291 0.068
0.8928 0.1037 0.0035
0.631 0.1478 0.2212
0.7956 0.173 0.0314
0.7345 0.2342 0.0313
0.7704 0.1656 0.0639
0.0015 0.003 0.9956
0.6982 0.2606 0.0413
0.8261 0.1174 0.0565
0.6322 0.2724 0.0954
0.8336 0.1571 0.0092
========================
eid=3,gold=1,median=1,max=1,avg_esemb=0,vote_esemb=1,1 2 0 0 1 1 2 1 1 0 2 1 0 1 1
0.4604 0.5383 0.0013
0.1727 0.0027 0.8246
0.698 0.1076 0.1944
0.5842 0.3823 0.0335
0.3725 0.603 0.0245
0.4797 0.5184 0.0019
0.3073 0.0778 0.6149
0.3416 0.6169 0.0415
0.4841 0.4963 0.0195
0.5155 0.4216 0.0629
0.0079 0.0077 0.9844
0.3447 0.6274 0.0279
0.5776 0.3803 0.0421
0.4169 0.5079 0.0753
0.445 0.5525 0.0025
========================
eid=4,gold=1,median=1,max=1,avg_esemb=1,vote_esemb=1,1 2 0 1 1 1 2 1 1 1 2 1 1 1 1
0.3858 0.6121 0.0021
0.0543 0.0005 0.9452
0.6667 0.1291 0.2042
0.3822 0.5369 0.0808
0.2078 0.7413 0.0509
0.4053 0.5899 0.0048
0.3328 0.0881 0.5791
0.2151 0.7206 0.0643
0.2584 0.6543 0.0873
0.337 0.5511 0.1119
0.0026 0.079 0.9184
0.2365 0.6654 0.0981
0.3283 0.5741 0.0976
0.2711 0.6719 0.057
0.3667 0.6267 0.0067
========================
eid=5,gold=1,median=1,max=1,avg_esemb=1,vote_esemb=1,1 2 0 1 1 1 0 1 1 1 2 1 1 1 1
0.3948 0.6033 0.0019
0.105 0.0016 0.8935
0.661 0.1786 0.1605
0.3554 0.6256 0.019
0.2459 0.7317 0.0224
0.4851 0.5137 0.0011
0.5872 0.0964 0.3164
0.313 0.6554 0.0317
0.2575 0.7203 0.0222
0.3367 0.6372 0.0261
0.0016 0.0083 0.99
0.2747 0.7043 0.0211
0.335 0.6299 0.0351
0.2905 0.6696 0.0399
0.1959 0.8024 0.0017
========================
eid=6,gold=0,median=1,max=1,avg_esemb=1,vote_esemb=1,1 2 0 1 1 1 2 1 1 1 2 1 1 1 1
0.3699 0.627 0.0031
0.1645 0.0008 0.8347
0.4991 0.095 0.4059
0.418 0.5296 0.0524
0.1924 0.7558 0.0518
0.3066 0.6889 0.0045
0.2362 0.051 0.7128
0.1263 0.837 0.0367
0.3237 0.6384 0.038
0.2984 0.6423 0.0593
0.0004 0.0211 0.9785
0.2357 0.7194 0.0449
0.3483 0.565 0.0867
0.1573 0.8023 0.0405
0.2077 0.7861 0.0062
========================
eid=7,gold=0,median=0,max=0,avg_esemb=0,vote_esemb=0,0 2 0 0 0 0 0 0 0 0 2 0 0 0 0
0.8728 0.1262 0.001
0.231 0.0737 0.6954
0.7476 0.0556 0.1968
0.8516 0.1302 0.0182
0.6211 0.3478 0.0311
0.9133 0.083 0.0036
0.6464 0.0239 0.3297
0.7882 0.1758 0.036
0.6792 0.303 0.0177
0.7262 0.2315 0.0423
0.0003 0.0097 0.99
0.6705 0.3014 0.0282
0.7762 0.176 0.0478
0.6085 0.3394 0.0522
0.8612 0.1357 0.0032
========================
eid=8,gold=2,median=0,max=0,avg_esemb=0,vote_esemb=0,0 2 0 0 0 0 2 0 0 0 2 0 0 0 0
0.8641 0.1341 0.0018
0.1753 0.0012 0.8235
0.6079 0.088 0.3041
0.8198 0.1087 0.0715
0.7089 0.1403 0.1509
0.901 0.0954 0.0036
0.2114 0.0319 0.7567
0.6123 0.2607 0.127
0.7756 0.1682 0.0562
0.7912 0.1007 0.1081
0.0007 0.0101 0.9891
0.6469 0.1822 0.1709
0.7652 0.1051 0.1297
0.7139 0.1348 0.1513
0.8651 0.1319 0.0031
========================
eid=9,gold=1,median=1,max=1,avg_esemb=1,vote_esemb=1,1 2 0 1 1 1 2 1 1 0 2 1 1 1 1
0.2561 0.738 0.0059
0.0164 0.0116 0.972
0.5512 0.1187 0.3302
0.4389 0.5304 0.0308
0.1725 0.8082 0.0193
0.2904 0.6849 0.0247
0.3843 0.0578 0.5578
0.2821 0.6744 0.0436
0.2229 0.7613 0.0158
0.5253 0.4123 0.0624
0.0083 0.0557 0.936
0.2368 0.7367 0.0264
0.4411 0.4799 0.079
0.2792 0.649 0.0717
0.4297 0.5285 0.0418
========================
eid=10,gold=1,median=1,max=1,avg_esemb=0,vote_esemb=1,0 2 0 0 0 0 0 1 1 1 2 1 1 1 1
0.6088 0.3902 0.001
0.0633 0.0084 0.9283
0.7269 0.1348 0.1383
0.5996 0.3754 0.0251
0.4896 0.481 0.0294
0.6567 0.3429 0.0005
0.5432 0.1885 0.2683
0.4675 0.5035 0.029
0.4728 0.5058 0.0213
0.4716 0.4734 0.0549
0.0001 0.0045 0.9954
0.3623 0.5948 0.0429
0.4628 0.4653 0.072
0.2969 0.6656 0.0375
0.4938 0.505 0.0012
========================
eid=11,gold=1,median=1,max=1,avg_esemb=0,vote_esemb=0,0 2 0 0 1 0 0 1 1 0 2 0 0 0 0
0.7013 0.2961 0.0026
0.0694 0.0004 0.9303
0.6827 0.0854 0.2318
0.7003 0.2783 0.0213
0.4465 0.5028 0.0507
0.8241 0.1683 0.0076
0.4988 0.061 0.4402
0.3708 0.5964 0.0328
0.4285 0.5166 0.0549
0.5933 0.3593 0.0473
0.0064 0.0729 0.9207
0.4873 0.4807 0.032
0.6092 0.3563 0.0345
0.5061 0.4562 0.0377
0.6673 0.3194 0.0133
========================
eid=12,gold=1,median=1,max=1,avg_esemb=1,vote_esemb=1,1 2 0 0 1 1 2 1 1 1 2 1 1 1 1
0.4824 0.5154 0.0021
0.0416 0.0106 0.9478
0.5977 0.2364 0.1659
0.5044 0.454 0.0415
0.2165 0.7604 0.0231
0.4613 0.5369 0.0018
0.4112 0.0956 0.4932
0.4338 0.547 0.0191
0.3438 0.6293 0.027
0.4256 0.5287 0.0457
0.0011 0.0118 0.9872
0.3889 0.591 0.0201
0.3114 0.6498 0.0388
0.3176 0.6454 0.037
0.327 0.6713 0.0016
========================
eid=13,gold=0,median=0,max=0,avg_esemb=0,vote_esemb=0,0 2 0 0 0 0 0 0 1 0 2 0 0 1 1
0.5987 0.3984 0.0029
0.0775 0.0017 0.9208
0.6219 0.1242 0.2539
0.6957 0.2681 0.0362
0.4727 0.4066 0.1207
0.569 0.4252 0.0059
0.5127 0.0827 0.4047
0.5109 0.3887 0.1005
0.4077 0.5257 0.0666
0.44 0.4208 0.1392
0.0004 0.0092 0.9904
0.4647 0.4547 0.0806
0.4672 0.3929 0.1399
0.3562 0.491 0.1528
0.4754 0.519 0.0056
========================
eid=14,gold=1,median=1,max=1,avg_esemb=1,vote_esemb=1,0 2 0 0 1 0 2 1 1 1 2 1 1 1 0
0.7098 0.2742 0.016
0.0171 0.0094 0.9736
0.6372 0.1572 0.2055
0.5303 0.437 0.0326
0.4207 0.492 0.0873
0.6081 0.3503 0.0417
0.4082 0.0942 0.4975
0.1081 0.797 0.0949
0.4434 0.5126 0.044
0.3848 0.5017 0.1135
0.0031 0.1098 0.8871
0.3459 0.6018 0.0523
0.2811 0.4822 0.2367
0.2016 0.729 0.0693
0.5509 0.3999 0.0493
========================
eid=15,gold=2,median=1,max=1,avg_esemb=1,vote_esemb=1,1 2 0 1 1 1 2 1 1 1 2 1 1 1 1
0.3703 0.6251 0.0045
0.0904 0.011 0.8986
0.5357 0.1118 0.3525
0.4118 0.5632 0.0251
0.2001 0.7727 0.0272
0.4738 0.5229 0.0032
0.2555 0.0558 0.6887
0.238 0.7355 0.0265
0.2882 0.6806 0.0312
0.3779 0.5919 0.0302
0.0007 0.0434 0.9558
0.3097 0.6667 0.0236
0.479 0.4841 0.0369
0.3639 0.6018 0.0343
0.3569 0.6404 0.0027
========================
eid=16,gold=1,median=1,max=1,avg_esemb=1,vote_esemb=1,1 2 0 1 1 1 2 1 1 1 2 1 1 1 1
0.2048 0.794 0.0011
0.046 0.0245 0.9295
0.6489 0.1121 0.239
0.2084 0.7858 0.0059
0.1027 0.8878 0.0095
0.2216 0.7751 0.0033
0.3742 0.075 0.5508
0.0885 0.8998 0.0117
0.0907 0.9035 0.0058
0.1447 0.8373 0.018
0.0015 0.009 0.9895
0.1319 0.8563 0.0117
0.168 0.8109 0.0211
0.1304 0.8564 0.0132
0.1826 0.8162 0.0012
========================
eid=17,gold=1,median=1,max=1,avg_esemb=1,vote_esemb=1,1 2 0 0 1 1 2 1 1 1 2 1 1 1 1
0.4602 0.5359 0.0039
0.0839 0.0024 0.9137
0.5535 0.1312 0.3153
0.4863 0.4362 0.0775
0.2136 0.71 0.0765
0.4531 0.5442 0.0026
0.202 0.0688 0.7292
0.2232 0.6662 0.1106
0.2691 0.6679 0.063
0.3439 0.5467 0.1094
0.0005 0.0332 0.9662
0.2325 0.693 0.0745
0.3797 0.5193 0.1009
0.2711 0.6294 0.0995
0.408 0.5872 0.0049
========================
eid=18,gold=0,median=1,max=1,avg_esemb=1,vote_esemb=1,0 2 0 0 1 1 0 1 1 1 2 1 1 1 1
0.5657 0.4336 0.0007
0.1573 0.0945 0.7482
0.8433 0.0682 0.0885
0.5278 0.4537 0.0185
0.2748 0.678 0.0472
0.4486 0.5503 0.0011
0.6259 0.1442 0.2299
0.4386 0.5376 0.0238
0.3341 0.6502 0.0156
0.2932 0.6629 0.0439
0.0028 0.0026 0.9947
0.2886 0.6675 0.0439
0.3634 0.5796 0.057
0.2386 0.7121 0.0493
0.2842 0.7147 0.0011
========================
eid=19,gold=0,median=0,max=0,avg_esemb=0,vote_esemb=0,0 2 0 0 0 0 0 0 0 0 2 0 0 0 0
0.6862 0.3134 0.0004
0.1517 0.0386 0.8097
0.7247 0.0506 0.2246
0.9366 0.0522 0.0111
0.8961 0.0783 0.0255
0.929 0.0702 0.0007
0.5102 0.0839 0.4059
0.8371 0.1483 0.0146
0.866 0.1189 0.015
0.8226 0.125 0.0523
0.0008 0.0011 0.9981
0.8209 0.1322 0.0469
0.8395 0.1069 0.0536
0.7627 0.1644 0.0729
0.7869 0.2117 0.0014
========================
eid=20,gold=0,median=1,max=1,avg_esemb=1,vote_esemb=1,1 2 0 1 1 1 0 1 1 1 2 1 1 1 1
0.2463 0.753 0.0006
0.4052 0.0005 0.5943
0.8232 0.0447 0.132
0.2079 0.7784 0.0137
0.1471 0.8313 0.0216
0.2468 0.7525 0.0007
0.5825 0.0713 0.3463
0.3442 0.6374 0.0184
0.1515 0.829 0.0195
0.1879 0.7906 0.0215
0.0039 0.0172 0.979
0.1402 0.8424 0.0174
0.2353 0.7313 0.0334
0.172 0.8076 0.0204
0.1243 0.8747 0.001
========================
eid=21,gold=1,median=1,max=1,avg_esemb=0,vote_esemb=0,0 2 0 0 0 0 2 1 1 0 2 0 0 1 0
0.5679 0.4316 0.0005
0.0389 0.0032 0.9579
0.5492 0.1874 0.2634
0.5934 0.3927 0.0139
0.5443 0.4271 0.0286
0.7035 0.294 0.0025
0.3061 0.0635 0.6305
0.4527 0.5107 0.0365
0.4617 0.5103 0.028
0.6123 0.3693 0.0184
0.0009 0.0119 0.9873
0.5033 0.4765 0.0203
0.501 0.4751 0.0239
0.4787 0.4966 0.0247
0.5967 0.4002 0.0031
========================
eid=22,gold=0,median=0,max=0,avg_esemb=0,vote_esemb=0,0 2 0 0 1 0 0 0 0 0 2 0 0 0 0
0.843 0.1567 0.0003
0.1907 0.0002 0.8091
0.7652 0.087 0.1478
0.7866 0.1964 0.0171
0.4067 0.5641 0.0292
0.8622 0.1374 0.0004
0.4635 0.0908 0.4457
0.5698 0.4111 0.0191
0.6611 0.3271 0.0118
0.5818 0.3848 0.0334
0.0049 0.0047 0.9903
0.55 0.4205 0.0295
0.6697 0.2948 0.0355
0.5412 0.4311 0.0277
0.6652 0.3341 0.0007
========================
eid=23,gold=1,median=1,max=1,avg_esemb=0,vote_esemb=1,1 2 0 0 1 1 0 1 1 0 2 1 0 1 1
0.4427 0.5568 0.0004
0.0996 0.04 0.8603
0.7655 0.0801 0.1544
0.6065 0.3643 0.0291
0.3568 0.6172 0.0259
0.4352 0.5639 0.0009
0.5815 0.0975 0.321
0.3452 0.6218 0.0329
0.4584 0.5061 0.0355
0.5496 0.3842 0.0662
0.0028 0.0611 0.9361
0.3784 0.5895 0.0321
0.505 0.4276 0.0673
0.3534 0.5779 0.0687
0.4353 0.5632 0.0014
========================
eid=24,gold=1,median=0,max=0,avg_esemb=0,vote_esemb=0,0 2 0 0 0 0 0 0 0 0 2 0 0 0 0
0.89 0.1073 0.0027
0.1242 0.0203 0.8555
0.635 0.1794 0.1857
0.8852 0.1024 0.0125
0.6703 0.2969 0.0327
0.8931 0.1061 0.0008
0.5002 0.1634 0.3364
0.8257 0.1347 0.0396
0.7897 0.1997 0.0106
0.7303 0.2196 0.0501
0.0055 0.0086 0.986
0.683 0.2882 0.0288
0.7633 0.1783 0.0584
0.6049 0.3166 0.0785
0.7466 0.2513 0.0021
========================
eid=25,gold=2,median=1,max=1,avg_esemb=1,vote_esemb=1,0 2 0 1 1 1 0 1 1 1 2 1 1 1 1
0.5469 0.4525 0.0007
0.0716 0.001 0.9274
0.8529 0.0754 0.0718
0.4557 0.5303 0.014
0.2124 0.7653 0.0223
0.39 0.609 0.001
0.7048 0.1259 0.1693
0.2896 0.6847 0.0257
0.3365 0.6561 0.0075
0.419 0.5554 0.0256
0.0005 0.0036 0.996
0.2627 0.7175 0.0198
0.3459 0.6239 0.0302
0.3306 0.6426 0.0268
0.4235 0.5753 0.0012
========================
eid=26,gold=1,median=1,max=1,avg_esemb=1,vote_esemb=1,1 2 0 1 1 1 2 1 1 1 2 1 1 1 1
0.3436 0.6563 0.0001
0.1127 0.0131 0.8742
0.6353 0.1517 0.213
0.2157 0.7579 0.0264
0.1391 0.7887 0.0722
0.3046 0.6952 0.0001
0.2328 0.1014 0.6657
0.1672 0.7132 0.1196
0.1772 0.8045 0.0183
0.1478 0.7948 0.0574
0.0063 0.0111 0.9826
0.1466 0.8142 0.0392
0.1793 0.7055 0.1151
0.1208 0.7983 0.0808
0.2199 0.7793 0.0008
========================
eid=27,gold=1,median=1,max=1,avg_esemb=0,vote_esemb=0,0 2 0 0 0 0 2 1 1 0 2 0 0 1 0
0.7148 0.2681 0.0171
0.0325 0.0058 0.9617
0.6102 0.1586 0.2312
0.6383 0.3238 0.038
0.5364 0.3868 0.0768
0.7502 0.2378 0.012
0.3066 0.0615 0.6319
0.2802 0.6283 0.0915
0.3896 0.5639 0.0465
0.656 0.3106 0.0334
0.0112 0.085 0.9038
0.5944 0.3632 0.0424
0.5277 0.3759 0.0964
0.3846 0.5681 0.0472
0.5132 0.4085 0.0783
========================
eid=28,gold=1,median=0,max=0,avg_esemb=0,vote_esemb=0,0 2 0 0 0 0 2 0 0 0 2 0 0 0 0
0.7349 0.2641 0.001
0.0496 0.0063 0.9441
0.5879 0.23 0.182
0.6438 0.3343 0.0219
0.6097 0.3707 0.0196
0.6731 0.3191 0.0078
0.3732 0.135 0.4918
0.7132 0.2622 0.0247
0.7723 0.2095 0.0182
0.6514 0.314 0.0345
0.0651 0.1017 0.8332
0.5216 0.4557 0.0227
0.498 0.4307 0.0713
0.484 0.476 0.04
0.6258 0.3565 0.0176
========================
eid=29,gold=0,median=1,max=1,avg_esemb=1,vote_esemb=1,1 2 0 0 1 1 0 1 1 1 2 1 1 1 1
0.4555 0.5428 0.0016
0.0656 0.0046 0.9298
0.7237 0.0675 0.2088
0.5648 0.4064 0.0288
0.195 0.7404 0.0645
0.4645 0.5334 0.0021
0.5645 0.0495 0.386
0.2487 0.7 0.0513
0.3023 0.6681 0.0296
0.3522 0.5657 0.0821
0.001 0.0106 0.9884
0.1907 0.775 0.0344
0.3102 0.6164 0.0734
0.2563 0.6305 0.1131
0.2372 0.7581 0.0047
========================
eid=30,gold=0,median=0,max=0,avg_esemb=0,vote_esemb=0,0 2 0 0 0 0 2 0 0 0 2 0 0 0 0
0.9268 0.0728 0.0004
0.1717 0.0001 0.8282
0.6791 0.143 0.1779
0.8895 0.1009 0.0096
0.8086 0.1687 0.0226
0.8885 0.1112 0.0003
0.4625 0.0615 0.4759
0.8459 0.1476 0.0066
0.7021 0.2886 0.0093
0.7338 0.2369 0.0294
0.003 0.0177 0.9793
0.6856 0.2987 0.0156
0.7371 0.2447 0.0183
0.5617 0.4029 0.0354
0.7786 0.2205 0.0009
========================
eid=31,gold=0,median=0,max=0,avg_esemb=0,vote_esemb=0,0 2 0 0 0 0 0 0 0 0 2 0 0 0 0
0.8885 0.1109 0.0006
0.04 0.0321 0.9279
0.7702 0.0741 0.1557
0.9538 0.0427 0.0035
0.9168 0.0712 0.012
0.9739 0.0255 0.0006
0.5232 0.1461 0.3307
0.5316 0.3975 0.0709
0.9202 0.0752 0.0046
0.8552 0.1153 0.0295
0.0025 0.014 0.9835
0.9308 0.0596 0.0096
0.7814 0.1819 0.0367
0.77 0.1898 0.0402
0.9507 0.0481 0.0012
========================
eid=32,gold=1,median=0,max=0,avg_esemb=0,vote_esemb=0,0 2 0 0 0 0 2 0 0 0 2 0 0 0 0
0.7583 0.2379 0.0037
0.2093 0.0033 0.7875
0.5442 0.061 0.3947
0.8152 0.098 0.0868
0.7059 0.1931 0.1009
0.9245 0.0745 0.001
0.3206 0.035 0.6443
0.5144 0.4276 0.058
0.7157 0.2064 0.0779
0.7502 0.152 0.0978
0.0019 0.0654 0.9328
0.7056 0.1968 0.0976
0.7751 0.1224 0.1025
0.7196 0.2064 0.074
0.9018 0.0952 0.003
========================
eid=33,gold=1,median=1,max=1,avg_esemb=1,vote_esemb=1,0 2 0 1 1 0 2 1 1 1 2 1 1 1 1
0.5097 0.4842 0.0061
0.1007 0.0045 0.8948
0.5643 0.1685 0.2673
0.3722 0.5929 0.0348
0.2446 0.7254 0.03
0.5146 0.4762 0.0092
0.3566 0.1568 0.4866
0.1924 0.7784 0.0292
0.2415 0.7281 0.0304
0.3238 0.6266 0.0495
0.0032 0.0325 0.9643
0.2445 0.7193 0.0362
0.3916 0.5513 0.0571
0.2273 0.7393 0.0334
0.3823 0.6123 0.0054
========================
eid=34,gold=0,median=0,max=0,avg_esemb=0,vote_esemb=0,0 2 0 0 0 0 0 0 0 0 2 0 0 0 0
0.8849 0.1148 0.0004
0.1082 0.1197 0.7721
0.756 0.0806 0.1634
0.753 0.2283 0.0187
0.5493 0.3895 0.0611
0.9428 0.0536 0.0036
0.5483 0.0439 0.4078
0.8091 0.1743 0.0166
0.7628 0.2099 0.0273
0.7019 0.2469 0.0512
0.0013 0.0186 0.9801
0.6433 0.3114 0.0452
0.6626 0.2872 0.0502
0.6395 0.311 0.0494
0.925 0.0678 0.0072
========================
eid=35,gold=0,median=1,max=1,avg_esemb=1,vote_esemb=1,1 2 0 1 1 1 2 1 1 1 2 1 0 1 1
0.3208 0.6789 0.0004
0.076 0.1949 0.7291
0.4935 0.0438 0.4628
0.4389 0.4987 0.0624
0.2742 0.596 0.1298
0.3363 0.6604 0.0033
0.303 0.0616 0.6354
0.2189 0.6006 0.1805
0.3076 0.6291 0.0634
0.2809 0.4733 0.2458
0.0003 0.0242 0.9755
0.3261 0.5378 0.1361
0.3794 0.3735 0.2471
0.2633 0.5247 0.212
0.3411 0.6574 0.0015
========================
eid=36,gold=1,median=1,max=1,avg_esemb=0,vote_esemb=0,1 2 0 0 1 0 2 1 1 0 2 1 0 1 0
0.463 0.5365 0.0005
0.0603 0.0053 0.9345
0.673 0.1348 0.1921
0.646 0.3331 0.0209
0.2799 0.699 0.0211
0.6358 0.363 0.0012
0.3422 0.0654 0.5924
0.3448 0.6201 0.0351
0.4574 0.5176 0.025
0.5843 0.3831 0.0325
0.0018 0.0099 0.9883
0.4772 0.4951 0.0277
0.5078 0.451 0.0412
0.4774 0.4945 0.0281
0.6296 0.3688 0.0015
========================
eid=37,gold=1,median=1,max=1,avg_esemb=0,vote_esemb=0,0 2 0 0 1 0 2 1 0 0 2 0 0 0 0
0.6047 0.3941 0.0012
0.0773 0.0221 0.9006
0.5336 0.251 0.2154
0.5994 0.366 0.0346
0.3641 0.6084 0.0275
0.6353 0.3622 0.0025
0.3035 0.0892 0.6072
0.355 0.6131 0.0319
0.5774 0.3748 0.0478
0.5683 0.3821 0.0496
0.0016 0.0209 0.9775
0.4859 0.4818 0.0323
0.4847 0.4307 0.0846
0.4937 0.4692 0.0371
0.5537 0.4438 0.0026
========================
eid=38,gold=0,median=0,max=0,avg_esemb=1,vote_esemb=1,1 2 0 0 1 0 0 0 1 1 2 1 0 1 1
0.3871 0.6119 0.0011
0.0219 0.002 0.9762
0.7297 0.0664 0.2039
0.5565 0.4278 0.0158
0.2242 0.7397 0.0361
0.6502 0.3457 0.004
0.5273 0.0407 0.432
0.5533 0.4284 0.0183
0.3561 0.6247 0.0192
0.4469 0.4982 0.0549
0.0003 0.0225 0.9772
0.1807 0.7994 0.0199
0.5377 0.4245 0.0378
0.3072 0.6267 0.0661
0.4035 0.5878 0.0086
========================
eid=39,gold=1,median=1,max=1,avg_esemb=0,vote_esemb=0,0 2 0 0 0 0 0 1 0 0 2 0 0 1 0
0.6361 0.3608 0.003
0.0782 0.0116 0.9102
0.5965 0.2047 0.1988
0.6215 0.3366 0.042
0.5143 0.4006 0.0851
0.6119 0.3771 0.011
0.4668 0.0788 0.4544
0.3912 0.5528 0.056
0.4828 0.4717 0.0455
0.6095 0.3264 0.0641
0.0019 0.0105 0.9876
0.4906 0.4448 0.0646
0.6116 0.3318 0.0566
0.4674 0.4675 0.0651
0.5065 0.4826 0.0109
========================
eid=40,gold=0,median=1,max=1,avg_esemb=1,vote_esemb=1,1 2 0 1 1 1 0 1 1 1 2 1 1 1 1
0.4386 0.5596 0.0018
0.1603 0.0039 0.8359
0.7683 0.1355 0.0962
0.4296 0.553 0.0174
0.2148 0.7432 0.042
0.3978 0.599 0.0031
0.7084 0.0379 0.2537
0.2288 0.7532 0.0181
0.352 0.6241 0.0238
0.3271 0.6337 0.0392
0.0006 0.0123 0.9871
0.2215 0.7652 0.0133
0.3231 0.6296 0.0474
0.2185 0.7128 0.0686
0.1291 0.8659 0.005
========================
eid=41,gold=0,median=0,max=0,avg_esemb=0,vote_esemb=0,0 2 0 0 0 0 0 0 0 0 2 0 0 0 0
0.6686 0.3292 0.0022
0.2258 0.0012 0.773
0.7986 0.0836 0.1178
0.8524 0.1357 0.0119
0.6589 0.2937 0.0474
0.888 0.11 0.002
0.5569 0.084 0.359
0.7495 0.2363 0.0142
0.7423 0.2426 0.0151
0.805 0.1569 0.0381
0.0018 0.0118 0.9864
0.6375 0.3403 0.0221
0.8554 0.1166 0.028
0.6778 0.2714 0.0507
0.5631 0.4342 0.0027
========================
eid=42,gold=1,median=1,max=1,avg_esemb=1,vote_esemb=1,1 2 0 0 1 1 0 1 1 0 2 1 1 1 1
0.3804 0.6185 0.0011
0.1463 0.0024 0.8513
0.7069 0.1017 0.1914
0.546 0.4287 0.0253
0.3961 0.5705 0.0334
0.4875 0.5104 0.0021
0.4866 0.0814 0.432
0.2809 0.6783 0.0408
0.4407 0.532 0.0273
0.5158 0.4282 0.056
0.0031 0.0075 0.9893
0.3002 0.6773 0.0225
0.4366 0.5179 0.0455
0.4179 0.5326 0.0495
0.3737 0.6243 0.0021
========================
eid=43,gold=0,median=0,max=0,avg_esemb=0,vote_esemb=0,0 2 0 0 0 0 0 0 0 0 2 0 0 1 0
0.7267 0.2711 0.0022
0.1163 0.0033 0.8804
0.6293 0.0796 0.2911
0.8732 0.114 0.0128
0.6365 0.3136 0.0498
0.923 0.0766 0.0004
0.5017 0.0641 0.4341
0.6789 0.2951 0.026
0.7904 0.1819 0.0277
0.5303 0.4066 0.0631
0.0004 0.0039 0.9957
0.6072 0.3463 0.0465
0.6265 0.3265 0.047
0.4318 0.4788 0.0894
0.7075 0.2898 0.0028
========================
eid=44,gold=1,median=0,max=0,avg_esemb=0,vote_esemb=0,0 2 0 0 1 0 2 0 1 1 2 1 1 1 0
0.7244 0.2745 0.0011
0.0073 0.0083 0.9844
0.6411 0.1625 0.1964
0.5166 0.446 0.0374
0.3675 0.6015 0.0309
0.7834 0.2135 0.0031
0.3833 0.1681 0.4487
0.4846 0.4742 0.0412
0.4056 0.5662 0.0283
0.3759 0.5596 0.0646
0.0017 0.0204 0.9779
0.3547 0.6016 0.0437
0.4013 0.5346 0.0641
0.3218 0.6087 0.0695
0.6909 0.3013 0.0078
========================
eid=45,gold=0,median=0,max=0,avg_esemb=0,vote_esemb=0,0 2 0 0 0 0 0 0 0 0 2 0 0 0 0
0.8351 0.1628 0.0021
0.1116 0.0025 0.8859
0.6557 0.1571 0.1872
0.8471 0.1266 0.0263
0.6198 0.3151 0.0651
0.9306 0.0656 0.0038
0.504 0.0858 0.4102
0.5188 0.4634 0.0178
0.7459 0.2323 0.0217
0.8064 0.1588 0.0349
0.0005 0.0024 0.9971
0.6977 0.2627 0.0395
0.7516 0.1947 0.0537
0.6492 0.2775 0.0733
0.8285 0.1673 0.0042
========================
eid=46,gold=1,median=0,max=0,avg_esemb=0,vote_esemb=0,0 2 0 0 0 0 0 0 0 0 2 0 0 0 1
0.7147 0.2842 0.0012
0.09 0.0003 0.9097
0.7945 0.1201 0.0854
0.6765 0.3171 0.0065
0.5881 0.3906 0.0213
0.5735 0.4236 0.0029
0.6384 0.1265 0.2351
0.6465 0.31 0.0435
0.6344 0.3559 0.0097
0.729 0.2494 0.0216
0.0002 0.0013 0.9984
0.6294 0.3485 0.0222
0.6312 0.3401 0.0286
0.5859 0.3916 0.0224
0.4854 0.5015 0.0131
========================
eid=47,gold=0,median=0,max=0,avg_esemb=0,vote_esemb=0,0 2 0 0 0 0 0 0 0 0 2 0 0 0 0
0.816 0.1836 0.0005
0.0734 0.0009 0.9257
0.7395 0.0722 0.1883
0.8307 0.164 0.0053
0.696 0.2963 0.0077
0.9486 0.0511 0.0003
0.4862 0.0948 0.419
0.7968 0.1945 0.0087
0.7256 0.2672 0.0073
0.8351 0.1511 0.0138
0.0001 0.0028 0.9971
0.7169 0.2768 0.0063
0.8082 0.1768 0.015
0.7877 0.1987 0.0136
0.9059 0.0938 0.0003
========================
eid=48,gold=0,median=1,max=1,avg_esemb=1,vote_esemb=1,1 2 0 1 1 0 2 1 1 1 2 1 1 1 1
0.4847 0.5145 0.0009
0.0294 0.0032 0.9674
0.6528 0.0959 0.2514
0.4077 0.5824 0.0099
0.2386 0.7397 0.0217
0.5509 0.4454 0.0037
0.4314 0.0614 0.5072
0.1696 0.8093 0.0211
0.3624 0.624 0.0136
0.2066 0.7757 0.0177
0.0032 0.0265 0.9703
0.1848 0.8007 0.0145
0.3842 0.589 0.0268
0.1496 0.829 0.0213
0.293 0.704 0.003
========================
eid=49,gold=0,median=0,max=0,avg_esemb=0,vote_esemb=0,0 2 2 0 0 0 2 0 0 0 2 0 0 0 0
0.8559 0.1426 0.0015
0.4143 0.0024 0.5833
0.3592 0.0411 0.5997
0.787 0.1769 0.0361
0.7245 0.225 0.0506
0.7647 0.2347 0.0005
0.2084 0.0169 0.7747
0.5706 0.363 0.0664
0.8223 0.1474 0.0303
0.7413 0.1626 0.096
0.0003 0.0042 0.9956
0.6661 0.2813 0.0526
0.6911 0.2433 0.0656
0.7123 0.2143 0.0734
0.7232 0.2751 0.0017
========================
eid=50,gold=1,median=1,max=1,avg_esemb=1,vote_esemb=1,1 2 0 0 1 1 2 1 1 1 2 1 0 1 1
0.3231 0.6758 0.0012
0.1677 0.0282 0.8041
0.6455 0.0835 0.2709
0.49 0.4759 0.0341
0.2857 0.6647 0.0495
0.399 0.6003 0.0007
0.2775 0.0726 0.65
0.3205 0.6055 0.074
0.3851 0.5732 0.0417
0.3712 0.5597 0.0691
0.0029 0.0323 0.9648
0.3319 0.6288 0.0393
0.4775 0.4684 0.0541
0.2858 0.6587 0.0555
0.3127 0.6863 0.001
========================
eid=51,gold=0,median=1,max=1,avg_esemb=1,vote_esemb=0,0 2 0 0 1 1 2 1 1 0 2 1 0 0 1
0.5912 0.3982 0.0105
0.0263 0.0204 0.9533
0.5941 0.1312 0.2747
0.5413 0.4267 0.032
0.197 0.7752 0.0278
0.4753 0.4905 0.0341
0.4422 0.061 0.4968
0.2568 0.7114 0.0318
0.2525 0.7279 0.0196
0.5458 0.4127 0.0414
0.0002 0.0137 0.9861
0.3096 0.6531 0.0373
0.539 0.4255 0.0355
0.526 0.4414 0.0327
0.4141 0.5784 0.0075
========================
eid=52,gold=2,median=0,max=0,avg_esemb=0,vote_esemb=0,0 2 0 0 1 0 2 0 0 0 2 0 0 0 0
0.6326 0.3618 0.0056
0.1095 0.0032 0.8873
0.6267 0.072 0.3012
0.6534 0.2779 0.0687
0.4427 0.4813 0.0761
0.642 0.3527 0.0052
0.2642 0.0267 0.7091
0.4975 0.407 0.0955
0.5599 0.3981 0.042
0.6402 0.2618 0.098
0.0008 0.009 0.9902
0.474 0.444 0.082
0.5672 0.3213 0.1115
0.5204 0.3814 0.0982
0.5035 0.4911 0.0054
========================
eid=53,gold=1,median=0,max=0,avg_esemb=0,vote_esemb=0,0 2 0 0 0 0 2 0 0 0 2 0 0 0 0
0.6212 0.3779 0.0009
0.0717 0.0005 0.9278
0.6932 0.0814 0.2253
0.7835 0.1898 0.0267
0.5914 0.3705 0.0381
0.853 0.1455 0.0015
0.3473 0.0673 0.5855
0.5253 0.4352 0.0395
0.6456 0.3099 0.0444
0.7353 0.2299 0.0348
0.0009 0.0203 0.9788
0.6638 0.3125 0.0237
0.7226 0.2409 0.0365
0.5476 0.4224 0.03
0.5919 0.4037 0.0044
========================
eid=54,gold=1,median=0,max=0,avg_esemb=0,vote_esemb=0,0 2 0 0 0 0 0 0 0 0 2 0 0 0 0
0.7085 0.2912 0.0003
0.0873 0.0053 0.9074
0.7742 0.0816 0.1442
0.9114 0.078 0.0106
0.6976 0.2728 0.0297
0.9041 0.0954 0.0005
0.609 0.0786 0.3124
0.826 0.1549 0.0191
0.794 0.1899 0.0161
0.8473 0.1369 0.0158
0.0021 0.0084 0.9894
0.7102 0.2665 0.0233
0.8403 0.1317 0.0281
0.8317 0.1514 0.017
0.8676 0.1312 0.0013
========================
eid=55,gold=0,median=0,max=0,avg_esemb=0,vote_esemb=0,0 2 0 0 0 0 0 0 0 0 2 1 0 0 0
0.8544 0.1442 0.0014
0.0654 0.0014 0.9332
0.6123 0.1894 0.1983
0.7848 0.1942 0.021
0.5691 0.3911 0.0399
0.7824 0.211 0.0066
0.4955 0.0975 0.407
0.5566 0.3807 0.0627
0.7853 0.2016 0.0131
0.6451 0.2826 0.0723
0.0007 0.0043 0.995
0.43 0.5312 0.0388
0.5445 0.3768 0.0787
0.4794 0.4524 0.0682
0.7177 0.2714 0.0108
========================
